<?xml version="1.0" encoding="UTF-8"?>
<COLLADA version="1.4.1" xmlns="http://www.collada.org/2005/11/COLLADASchema">
  <asset>
    <contributor>
      <author>Unity3D User</author>
      <author_tool>Unity 5.4.2f2</author_tool>
    </contributor>
    <created>2019-04-23T13:06:00</created>
    <modified>2019-04-23T13:06:00</modified>
    <up_axis>Y_UP</up_axis>
  </asset>
  <library_cameras />
  <library_lights />
  <library_images />
  <library_effects />
  <library_materials />
  <library_geometries />
  <library_animations>
    <animation id="bone_1-anim" name="bone_1">
      <animation>
        <source id="bone_1-Matrix-animation-input">
          <float_array id="bone_1-Matrix-animation-input-array" count="61">0 0.01666667 0.03333334 0.05 0.06666667 0.08333334 0.1 0.1166667 0.1333333 0.15 0.1666667 0.1833333 0.2 0.2166667 0.2333333 0.25 0.2666667 0.2833334 0.3 0.3166667 0.3333333 0.35 0.3666667 0.3833334 0.4 0.4166667 0.4333334 0.45 0.4666667 0.4833333 0.5 0.5166667 0.5333334 0.55 0.5666667 0.5833334 0.6 0.6166667 0.6333334 0.65 0.6666667 0.6833334 0.7 0.7166667 0.7333333 0.7500001 0.7666667 0.7833334 0.8000001 0.8166667 0.8333334 0.85 0.8666667 0.8833334 0.9 0.9166667 0.9333334 0.95 0.9666667 0.9833334 1 </float_array>
          <technique_common>
            <accessor source="#bone_1-Matrix-animation-input-array" count="61">
              <param name="Time" type="float" />
            </accessor>
          </technique_common>
        </source>
        <source id="bone_1-Matrix-animation-output-transform">
          <float_array id="bone_1-Matrix-animation-output-transform-array" count="61">0.99999	0.00025	-0.00399	0.05015
-0.00023	0.99999	0.00501	1.71940
0.00399	-0.00501	0.99998	-0.18674
0.00000	0.00000	0.00000	1.00000
0.99997	0.00026	0.00750	0.06053
-0.00023	0.99999	-0.00373	1.70837
-0.00750	0.00372	0.99996	-0.13369
0.00000	0.00000	0.00000	1.00000
0.99979	0.00051	0.02058	0.07142
-0.00023	0.99991	-0.01370	1.69529
-0.02058	0.01369	0.99969	-0.08064
0.00000	0.00000	0.00000	1.00000
0.99939	0.00108	0.03480	0.08253
-0.00023	0.99971	-0.02416	1.68139
-0.03481	0.02414	0.99910	-0.02759
0.00000	0.00000	0.00000	1.00000
0.99876	0.00195	0.04970	0.09354
-0.00024	0.99941	-0.03437	1.66790
-0.04974	0.03432	0.99817	0.02546
0.00000	0.00000	0.00000	1.00000
0.99789	0.00307	0.06484	0.10412
-0.00024	0.99905	-0.04360	1.65605
-0.06491	0.04349	0.99694	0.07851
0.00000	0.00000	0.00000	1.00000
0.99680	0.00432	0.07978	0.11396
-0.00024	0.99869	-0.05109	1.64706
-0.07990	0.05090	0.99550	0.13156
0.00000	0.00000	0.00000	1.00000
0.99555	0.00553	0.09408	0.12275
-0.00024	0.99842	-0.05610	1.64216
-0.09424	0.05583	0.99398	0.18461
0.00000	0.00000	0.00000	1.00000
0.99420	0.00647	0.10732	0.13016
-0.00024	0.99832	-0.05791	1.64257
-0.10752	0.05755	0.99254	0.23766
0.00000	0.00000	0.00000	1.00000
0.99286	0.00700	0.11907	0.13642
-0.00029	0.99841	-0.05631	1.64892
-0.11927	0.05587	0.99129	0.29071
0.00000	0.00000	0.00000	1.00000
0.99163	0.00711	0.12889	0.14043
-0.00041	0.99865	-0.05188	1.66040
-0.12909	0.05140	0.99030	0.34377
0.00000	0.00000	0.00000	1.00000
0.99064	0.00675	0.13636	0.13988
-0.00059	0.99898	-0.04510	1.67613
-0.13652	0.04460	0.98963	0.39682
0.00000	0.00000	0.00000	1.00000
0.98999	0.00594	0.14102	0.13510
-0.00081	0.99934	-0.03642	1.69522
-0.14114	0.03594	0.98934	0.44987
0.00000	0.00000	0.00000	1.00000
0.98979	0.00478	0.14244	0.12816
-0.00104	0.99965	-0.02630	1.71676
-0.14251	0.02588	0.98945	0.50292
0.00000	0.00000	0.00000	1.00000
0.99000	0.00339	0.14103	0.11942
-0.00126	0.99988	-0.01520	1.73988
-0.14106	0.01487	0.98989	0.55597
0.00000	0.00000	0.00000	1.00000
0.99048	0.00194	0.13765	0.10921
-0.00146	0.99999	-0.00358	1.76368
-0.13766	0.00334	0.99047	0.60902
0.00000	0.00000	0.00000	1.00000
0.99118	0.00051	0.13253	0.09787
-0.00160	0.99997	0.00810	1.78728
-0.13252	-0.00824	0.99115	0.66207
0.00000	0.00000	0.00000	1.00000
0.99205	-0.00078	0.12587	0.08573
-0.00167	0.99981	0.01936	1.80977
-0.12586	-0.01942	0.99186	0.71512
0.00000	0.00000	0.00000	1.00000
0.99302	-0.00187	0.11791	0.07315
-0.00165	0.99956	0.02976	1.83027
-0.11792	-0.02975	0.99258	0.76817
0.00000	0.00000	0.00000	1.00000
0.99405	-0.00272	0.10888	0.06045
-0.00152	0.99924	0.03882	1.84789
-0.10890	-0.03876	0.99330	0.82122
0.00000	0.00000	0.00000	1.00000
0.99508	-0.00333	0.09899	0.04798
-0.00124	0.99894	0.04610	1.86173
-0.09904	-0.04599	0.99402	0.87427
0.00000	0.00000	0.00000	1.00000
0.99607	-0.00372	0.08849	0.03607
-0.00082	0.99869	0.05112	1.87091
-0.08856	-0.05099	0.99476	0.92733
0.00000	0.00000	0.00000	1.00000
0.99698	-0.00394	0.07758	0.02507
-0.00021	0.99857	0.05343	1.87454
-0.07768	-0.05329	0.99555	0.98038
0.00000	0.00000	0.00000	1.00000
0.99778	-0.00421	0.06650	0.01410
0.00069	0.99860	0.05291	1.87200
-0.06663	-0.05274	0.99638	1.03343
0.00000	0.00000	0.00000	1.00000
0.99845	-0.00470	0.05546	0.00219
0.00193	0.99875	0.04995	1.86385
-0.05563	-0.04977	0.99721	1.08648
0.00000	0.00000	0.00000	1.00000
0.99899	-0.00547	0.04468	-0.01041
0.00346	0.99898	0.04495	1.85096
-0.04488	-0.04475	0.99799	1.13953
0.00000	0.00000	0.00000	1.00000
0.99939	-0.00652	0.03438	-0.02348
0.00521	0.99925	0.03825	1.83419
-0.03461	-0.03805	0.99868	1.19258
0.00000	0.00000	0.00000	1.00000
0.99966	-0.00786	0.02479	-0.03678
0.00711	0.99952	0.03023	1.81442
-0.02501	-0.03004	0.99924	1.24563
0.00000	0.00000	0.00000	1.00000
0.99984	-0.00943	0.01489	-0.05007
0.00911	0.99973	0.02126	1.79252
-0.01509	-0.02112	0.99966	1.29868
0.00000	0.00000	0.00000	1.00000
0.99993	-0.01119	0.00374	-0.06314
0.01114	0.99987	0.01169	1.76935
-0.00387	-0.01165	0.99992	1.35173
0.00000	0.00000	0.00000	1.00000
0.99988	-0.01312	-0.00837	-0.07574
0.01314	0.99991	0.00191	1.74578
0.00835	-0.00202	0.99996	1.40478
0.00000	0.00000	0.00000	1.00000
0.99966	-0.01520	-0.02116	-0.08764
0.01504	0.99986	-0.00771	1.72268
0.02128	0.00739	0.99975	1.45783
0.00000	0.00000	0.00000	1.00000
0.99926	-0.01735	-0.03433	-0.09861
0.01678	0.99972	-0.01682	1.70092
0.03461	0.01624	0.99927	1.51089
0.00000	0.00000	0.00000	1.00000
0.99868	-0.01947	-0.04758	-0.10842
0.01829	0.99952	-0.02505	1.68136
0.04805	0.02414	0.99855	1.56394
0.00000	0.00000	0.00000	1.00000
0.99793	-0.02143	-0.06064	-0.11683
0.01951	0.99930	-0.03201	1.66488
0.06128	0.03076	0.99765	1.61699
0.00000	0.00000	0.00000	1.00000
0.99705	-0.02308	-0.07320	-0.12362
0.02039	0.99909	-0.03735	1.65234
0.07399	0.03575	0.99662	1.67004
0.00000	0.00000	0.00000	1.00000
0.99609	-0.02425	-0.08499	-0.12854
0.02085	0.99895	-0.04071	1.64462
0.08589	0.03878	0.99555	1.72309
0.00000	0.00000	0.00000	1.00000
0.99510	-0.02475	-0.09573	-0.13137
0.02084	0.99891	-0.04170	1.64257
0.09665	0.03950	0.99453	1.77614
0.00000	0.00000	0.00000	1.00000
0.99416	-0.02436	-0.10513	-0.13199
0.02025	0.99899	-0.04004	1.64722
0.10600	0.03768	0.99365	1.82919
0.00000	0.00000	0.00000	1.00000
0.99334	-0.02303	-0.11293	-0.13057
0.01908	0.99917	-0.03593	1.65828
0.11366	0.03354	0.99295	1.88224
0.00000	0.00000	0.00000	1.00000
0.99270	-0.02085	-0.11882	-0.12733
0.01742	0.99940	-0.02979	1.67464
0.11937	0.02751	0.99247	1.93529
0.00000	0.00000	0.00000	1.00000
0.99230	-0.01796	-0.12253	-0.12249
0.01537	0.99964	-0.02202	1.69519
0.12288	0.01997	0.99222	1.98834
0.00000	0.00000	0.00000	1.00000
0.99221	-0.01453	-0.12376	-0.11626
0.01302	0.99983	-0.01303	1.71885
0.12393	0.01132	0.99223	2.04139
0.00000	0.00000	0.00000	1.00000
0.99234	-0.01078	-0.12306	-0.10886
0.01046	0.99994	-0.00322	1.74450
0.12309	0.00191	0.99239	2.09444
0.00000	0.00000	0.00000	1.00000
0.99260	-0.00687	-0.12120	-0.10049
0.00778	0.99995	0.00699	1.77105
0.12115	-0.00788	0.99260	2.14750
0.00000	0.00000	0.00000	1.00000
0.99298	-0.00301	-0.11825	-0.09139
0.00508	0.99984	0.01721	1.79739
0.11818	-0.01769	0.99283	2.20055
0.00000	0.00000	0.00000	1.00000
0.99345	0.00066	-0.11430	-0.08175
0.00244	0.99963	0.02701	1.82242
0.11427	-0.02712	0.99308	2.25360
0.00000	0.00000	0.00000	1.00000
0.99399	0.00396	-0.10940	-0.07180
-0.00002	0.99935	0.03601	1.84504
0.10947	-0.03579	0.99335	2.30665
0.00000	0.00000	0.00000	1.00000
0.99459	0.00676	-0.10364	-0.06174
-0.00223	0.99904	0.04377	1.86416
0.10383	-0.04331	0.99365	2.35970
0.00000	0.00000	0.00000	1.00000
0.99524	0.00893	-0.09709	-0.05181
-0.00409	0.99875	0.04991	1.87865
0.09742	-0.04928	0.99402	2.41275
0.00000	0.00000	0.00000	1.00000
0.99590	0.01036	-0.08983	-0.04220
-0.00551	0.99852	0.05402	1.88744
0.09026	-0.05330	0.99449	2.46580
0.00000	0.00000	0.00000	1.00000
0.99658	0.01095	-0.08194	-0.03315
-0.00640	0.99843	0.05568	1.88940
0.08242	-0.05497	0.99508	2.51885
0.00000	0.00000	0.00000	1.00000
0.99724	0.01066	-0.07348	-0.02403
-0.00666	0.99850	0.05444	1.88304
0.07395	-0.05380	0.99581	2.57190
0.00000	0.00000	0.00000	1.00000
0.99787	0.00964	-0.06451	-0.01423
-0.00638	0.99870	0.05049	1.86877
0.06492	-0.04997	0.99664	2.62495
0.00000	0.00000	0.00000	1.00000
0.99845	0.00813	-0.05511	-0.00390
-0.00568	0.99899	0.04447	1.84843
0.05542	-0.04409	0.99749	2.67800
0.00000	0.00000	0.00000	1.00000
0.99895	0.00635	-0.04534	0.00681
-0.00467	0.99930	0.03700	1.82384
0.04555	-0.03675	0.99829	2.73105
0.00000	0.00000	0.00000	1.00000
0.99937	0.00451	-0.03527	0.01772
-0.00350	0.99958	0.02869	1.79682
0.03539	-0.02855	0.99897	2.78411
0.00000	0.00000	0.00000	1.00000
0.99968	0.00278	-0.02497	0.02869
-0.00228	0.99979	0.02018	1.76919
0.02502	-0.02011	0.99948	2.83716
0.00000	0.00000	0.00000	1.00000
0.99989	0.00132	-0.01452	0.03956
-0.00115	0.99993	0.01207	1.74278
0.01453	-0.01206	0.99982	2.89021
0.00000	0.00000	0.00000	1.00000
0.99999	0.00025	-0.00399	0.05015
-0.00023	0.99999	0.00501	1.71940
0.00399	-0.00501	0.99998	2.94326
0.00000	0.00000	0.00000	1.00000
0.99999	0.00025	-0.00399	0.05015
-0.00023	0.99999	0.00501	1.71940
0.00399	-0.00501	0.99998	2.94326
0.00000	0.00000	0.00000	1.00000
</float_array>
          <technique_common>
            <accessor source="#bone_1" count="61" stride="16">
              <param type="float4x4" />
            </accessor>
          </technique_common>
        </source>
        <source id="bone_1-Interpolations">
          <Name_array id="bone_1-Interpolations-array" count="61">LINEAR LINEAR LINEAR LINEAR LINEAR LINEAR LINEAR LINEAR LINEAR LINEAR LINEAR LINEAR LINEAR LINEAR LINEAR LINEAR LINEAR LINEAR LINEAR LINEAR LINEAR LINEAR LINEAR LINEAR LINEAR LINEAR LINEAR LINEAR LINEAR LINEAR LINEAR LINEAR LINEAR LINEAR LINEAR LINEAR LINEAR LINEAR LINEAR LINEAR LINEAR LINEAR LINEAR LINEAR LINEAR LINEAR LINEAR LINEAR LINEAR LINEAR LINEAR LINEAR LINEAR LINEAR LINEAR LINEAR LINEAR LINEAR LINEAR LINEAR LINEAR</Name_array>
          <technique_common>
            <accessor source="#bone_1-Interpolations-array" count="61">
              <param type="name" />
            </accessor>
          </technique_common>
        </source>
        <sampler id="bone_1-Matrix-animation-transform">
          <input semantic="INPUT" source="#bone_1-Matrix-animation-input" />
          <input semantic="OUTPUT" source="#bone_1-Matrix-animation-output-transform" />
          <input semantic="INTERPOLATION" source="#bone_1-Interpolations" />
        </sampler>
        <channel source="#bone_1-Matrix-animation-transform" target="bone_1/matrix" />
      </animation>
    </animation>
    <animation id="bone_2-anim" name="bone_2">
      <animation>
        <source id="bone_2-Matrix-animation-input">
          <float_array id="bone_2-Matrix-animation-input-array" count="61">0 0.01666667 0.03333334 0.05 0.06666667 0.08333334 0.1 0.1166667 0.1333333 0.15 0.1666667 0.1833333 0.2 0.2166667 0.2333333 0.25 0.2666667 0.2833334 0.3 0.3166667 0.3333333 0.35 0.3666667 0.3833334 0.4 0.4166667 0.4333334 0.45 0.4666667 0.4833333 0.5 0.5166667 0.5333334 0.55 0.5666667 0.5833334 0.6 0.6166667 0.6333334 0.65 0.6666667 0.6833334 0.7 0.7166667 0.7333333 0.7500001 0.7666667 0.7833334 0.8000001 0.8166667 0.8333334 0.85 0.8666667 0.8833334 0.9 0.9166667 0.9333334 0.95 0.9666667 0.9833334 1 </float_array>
          <technique_common>
            <accessor source="#bone_2-Matrix-animation-input-array" count="61">
              <param name="Time" type="float" />
            </accessor>
          </technique_common>
        </source>
        <source id="bone_2-Matrix-animation-output-transform">
          <float_array id="bone_2-Matrix-animation-output-transform-array" count="61">-0.99874	0.04874	-0.01184	0.01011
0.00007	0.23738	0.97142	0.06543
0.05016	0.97019	-0.23709	0.33903
0.00000	0.00000	0.00000	1.00000
-0.99930	0.03646	-0.00878	0.00718
0.00016	0.23824	0.97121	0.06561
0.03750	0.97052	-0.23808	0.33869
0.00000	0.00000	0.00000	1.00000
-0.99971	0.02327	-0.00559	0.00404
0.00020	0.24179	0.97033	0.06643
0.02393	0.97005	-0.24173	0.33827
0.00000	0.00000	0.00000	1.00000
-0.99996	0.00918	-0.00215	0.00069
0.00019	0.24708	0.96899	0.06765
0.00943	0.96895	-0.24707	0.33779
0.00000	0.00000	0.00000	1.00000
-0.99998	-0.00581	0.00163	-0.00286
0.00011	0.25315	0.96743	0.06906
-0.00603	0.96741	-0.25315	0.33726
0.00000	0.00000	0.00000	1.00000
-0.99975	-0.02172	0.00575	-0.00660
-0.00004	0.25788	0.96618	0.07016
-0.02247	0.96593	-0.25781	0.33673
0.00000	0.00000	0.00000	1.00000
-0.99920	-0.03858	0.01007	-0.01052
-0.00025	0.25872	0.96595	0.07034
-0.03988	0.96518	-0.25852	0.33625
0.00000	0.00000	0.00000	1.00000
-0.99830	-0.05644	0.01431	-0.01462
-0.00050	0.25408	0.96718	0.06925
-0.05822	0.96554	-0.25367	0.33586
0.00000	0.00000	0.00000	1.00000
-0.99700	-0.07533	0.01805	-0.01888
-0.00075	0.24231	0.97020	0.06651
-0.07746	0.96727	-0.24164	0.33560
0.00000	0.00000	0.00000	1.00000
-0.99529	-0.09469	0.02066	-0.02317
-0.00096	0.22277	0.97487	0.06202
-0.09691	0.97026	-0.22181	0.33549
0.00000	0.00000	0.00000	1.00000
-0.99347	-0.11204	0.02139	-0.02696
-0.00109	0.19684	0.98044	0.05613
-0.11406	0.97401	-0.19568	0.33551
0.00000	0.00000	0.00000	1.00000
-0.99201	-0.12460	0.01987	-0.02964
-0.00109	0.16594	0.98614	0.04917
-0.12617	0.97823	-0.16474	0.33568
0.00000	0.00000	0.00000	1.00000
-0.99111	-0.13193	0.01700	-0.03116
-0.00097	0.13497	0.99085	0.04226
-0.13302	0.98203	-0.13390	0.33594
0.00000	0.00000	0.00000	1.00000
-0.99070	-0.13520	0.01529	-0.03180
-0.00077	0.11795	0.99302	0.03845
-0.13606	0.98377	-0.11695	0.33615
0.00000	0.00000	0.00000	1.00000
-0.99073	-0.13522	0.01309	-0.03170
-0.00052	0.10010	0.99498	0.03445
-0.13585	0.98575	-0.09924	0.33643
0.00000	0.00000	0.00000	1.00000
-0.99105	-0.13303	0.01082	-0.03109
-0.00025	0.08285	0.99656	0.03058
-0.13347	0.98764	-0.08215	0.33673
0.00000	0.00000	0.00000	1.00000
-0.99160	-0.12903	0.00869	-0.03008
0.00002	0.06701	0.99775	0.02702
-0.12932	0.98937	-0.06644	0.33702
0.00000	0.00000	0.00000	1.00000
-0.99231	-0.12361	0.00687	-0.02874
0.00027	0.05336	0.99858	0.02395
-0.12380	0.99090	-0.05291	0.33730
0.00000	0.00000	0.00000	1.00000
-0.99310	-0.11717	0.00548	-0.02716
0.00048	0.04271	0.99909	0.02154
-0.11730	0.99219	-0.04236	0.33756
0.00000	0.00000	0.00000	1.00000
-0.99391	-0.11010	0.00460	-0.02545
0.00065	0.03586	0.99936	0.01997
-0.11020	0.99327	-0.03557	0.33783
0.00000	0.00000	0.00000	1.00000
-0.99469	-0.10280	0.00424	-0.02367
0.00078	0.03362	0.99943	0.01942
-0.10289	0.99413	-0.03336	0.33809
0.00000	0.00000	0.00000	1.00000
-0.99540	-0.09567	0.00440	-0.02193
0.00088	0.03677	0.99932	0.02005
-0.09576	0.99473	-0.03652	0.33837
0.00000	0.00000	0.00000	1.00000
-0.99601	-0.08908	0.00507	-0.02031
0.00096	0.04610	0.99894	0.02206
-0.08921	0.99496	-0.04584	0.33867
0.00000	0.00000	0.00000	1.00000
-0.99659	-0.08226	0.00614	-0.01865
0.00105	0.06178	0.99809	0.02549
-0.08248	0.99469	-0.06149	0.33897
0.00000	0.00000	0.00000	1.00000
-0.99720	-0.07438	0.00730	-0.01676
0.00116	0.08229	0.99661	0.03001
-0.07472	0.99383	-0.08198	0.33927
0.00000	0.00000	0.00000	1.00000
-0.99780	-0.06573	0.00830	-0.01471
0.00130	0.10587	0.99438	0.03526
-0.06624	0.99221	-0.10555	0.33950
0.00000	0.00000	0.00000	1.00000
-0.99836	-0.05661	0.00896	-0.01255
0.00148	0.13079	0.99141	0.04085
-0.05730	0.98979	-0.13049	0.33963
0.00000	0.00000	0.00000	1.00000
-0.99884	-0.04734	0.00916	-0.01036
0.00170	0.15526	0.98787	0.04639
-0.04819	0.98674	-0.15500	0.33961
0.00000	0.00000	0.00000	1.00000
-0.99928	-0.03699	0.00870	-0.00793
0.00196	0.17830	0.98397	0.05165
-0.03795	0.98328	-0.17810	0.33947
0.00000	0.00000	0.00000	1.00000
-0.99967	-0.02468	0.00733	-0.00503
0.00226	0.19942	0.97991	0.05650
-0.02564	0.97960	-0.19930	0.33920
0.00000	0.00000	0.00000	1.00000
-0.99993	-0.01079	0.00508	-0.00177
0.00260	0.21812	0.97592	0.06083
-0.01164	0.97586	-0.21807	0.33882
0.00000	0.00000	0.00000	1.00000
-0.99999	0.00428	0.00203	0.00176
0.00298	0.23393	0.97225	0.06451
0.00369	0.97224	-0.23394	0.33835
0.00000	0.00000	0.00000	1.00000
-0.99980	0.02015	-0.00163	0.00547
0.00338	0.24639	0.96916	0.06741
0.01993	0.96896	-0.24641	0.33781
0.00000	0.00000	0.00000	1.00000
-0.99932	0.03644	-0.00569	0.00927
0.00380	0.25504	0.96692	0.06942
0.03669	0.96624	-0.25501	0.33725
0.00000	0.00000	0.00000	1.00000
-0.99856	0.05278	-0.00983	0.01305
0.00420	0.25942	0.96576	0.07043
0.05352	0.96432	-0.25927	0.33670
0.00000	0.00000	0.00000	1.00000
-0.99754	0.06879	-0.01375	0.01673
0.00455	0.25904	0.96586	0.07033
0.07000	0.96341	-0.25872	0.33622
0.00000	0.00000	0.00000	1.00000
-0.99631	0.08411	-0.01707	0.02022
0.00482	0.25340	0.96735	0.06900
0.08569	0.96370	-0.25288	0.33584
0.00000	0.00000	0.00000	1.00000
-0.99498	0.09814	-0.01940	0.02337
0.00495	0.24198	0.97027	0.06633
0.09992	0.96530	-0.24125	0.33561
0.00000	0.00000	0.00000	1.00000
-0.99371	0.11021	-0.01987	0.02600
0.00489	0.21994	0.97550	0.06126
0.11188	0.96927	-0.21910	0.33560
0.00000	0.00000	0.00000	1.00000
-0.99259	0.12012	-0.01822	0.02810
0.00464	0.18728	0.98230	0.05384
0.12141	0.97493	-0.18645	0.33577
0.00000	0.00000	0.00000	1.00000
-0.99169	0.12771	-0.01529	0.02965
0.00420	0.15100	0.98852	0.04571
0.12855	0.98025	-0.15029	0.33600
0.00000	0.00000	0.00000	1.00000
-0.99107	0.13280	-0.01224	0.03067
0.00362	0.11853	0.99294	0.03849
0.13331	0.98403	-0.11795	0.33622
0.00000	0.00000	0.00000	1.00000
-0.99077	0.13525	-0.00955	0.03110
0.00293	0.09178	0.99577	0.03257
0.13555	0.98655	-0.09133	0.33642
0.00000	0.00000	0.00000	1.00000
-0.99072	0.13573	-0.00710	0.03110
0.00216	0.06797	0.99769	0.02731
0.13590	0.98841	-0.06763	0.33659
0.00000	0.00000	0.00000	1.00000
-0.99081	0.13515	-0.00509	0.03087
0.00136	0.04760	0.99887	0.02280
0.13524	0.98968	-0.04735	0.33674
0.00000	0.00000	0.00000	1.00000
-0.99102	0.13368	-0.00361	0.03044
0.00056	0.03120	0.99951	0.01916
0.13373	0.99053	-0.03099	0.33686
0.00000	0.00000	0.00000	1.00000
-0.99132	0.13146	-0.00273	0.02983
-0.00020	0.01926	0.99981	0.01648
0.13149	0.99113	-0.01907	0.33698
0.00000	0.00000	0.00000	1.00000
-0.99169	0.12862	-0.00247	0.02909
-0.00089	0.01228	0.99992	0.01489
0.12864	0.99162	-0.01206	0.33711
0.00000	0.00000	0.00000	1.00000
-0.99212	0.12527	-0.00283	0.02824
-0.00149	0.01075	0.99994	0.01449
0.12530	0.99206	-0.01048	0.33730
0.00000	0.00000	0.00000	1.00000
-0.99258	0.12155	-0.00379	0.02730
-0.00197	0.01515	0.99988	0.01538
0.12159	0.99247	-0.01480	0.33754
0.00000	0.00000	0.00000	1.00000
-0.99305	0.11756	-0.00533	0.02630
-0.00229	0.02596	0.99966	0.01769
0.11766	0.99273	-0.02551	0.33786
0.00000	0.00000	0.00000	1.00000
-0.99352	0.11344	-0.00739	0.02529
-0.00245	0.04364	0.99904	0.02151
0.11366	0.99259	-0.04308	0.33824
0.00000	0.00000	0.00000	1.00000
-0.99404	0.10858	-0.00992	0.02412
-0.00241	0.06903	0.99761	0.02708
0.10901	0.99169	-0.06836	0.33867
0.00000	0.00000	0.00000	1.00000
-0.99466	0.10240	-0.01254	0.02269
-0.00220	0.10046	0.99494	0.03404
0.10314	0.98966	-0.09970	0.33909
0.00000	0.00000	0.00000	1.00000
-0.99536	0.09511	-0.01479	0.02102
-0.00186	0.13455	0.99091	0.04169
0.09624	0.98633	-0.13375	0.33942
0.00000	0.00000	0.00000	1.00000
-0.99608	0.08695	-0.01629	0.01915
-0.00145	0.16804	0.98578	0.04931
0.08845	0.98194	-0.16725	0.33960
0.00000	0.00000	0.00000	1.00000
-0.99680	0.07818	-0.01655	0.01710
-0.00101	0.19476	0.98085	0.05547
0.07991	0.97773	-0.19406	0.33960
0.00000	0.00000	0.00000	1.00000
-0.99750	0.06891	-0.01562	0.01491
-0.00059	0.21300	0.97705	0.05972
0.07066	0.97462	-0.21243	0.33945
0.00000	0.00000	0.00000	1.00000
-0.99815	0.05910	-0.01394	0.01257
-0.00021	0.22614	0.97410	0.06279
0.06073	0.97230	-0.22571	0.33924
0.00000	0.00000	0.00000	1.00000
-0.99874	0.04874	-0.01184	0.01011
0.00007	0.23738	0.97142	0.06543
0.05016	0.97019	-0.23709	0.33903
0.00000	0.00000	0.00000	1.00000
-0.99874	0.04874	-0.01184	0.01011
0.00007	0.23738	0.97142	0.06543
0.05016	0.97019	-0.23709	0.33903
0.00000	0.00000	0.00000	1.00000
</float_array>
          <technique_common>
            <accessor source="#bone_2" count="61" stride="16">
              <param type="float4x4" />
            </accessor>
          </technique_common>
        </source>
        <source id="bone_2-Interpolations">
          <Name_array id="bone_2-Interpolations-array" count="61">LINEAR LINEAR LINEAR LINEAR LINEAR LINEAR LINEAR LINEAR LINEAR LINEAR LINEAR LINEAR LINEAR LINEAR LINEAR LINEAR LINEAR LINEAR LINEAR LINEAR LINEAR LINEAR LINEAR LINEAR LINEAR LINEAR LINEAR LINEAR LINEAR LINEAR LINEAR LINEAR LINEAR LINEAR LINEAR LINEAR LINEAR LINEAR LINEAR LINEAR LINEAR LINEAR LINEAR LINEAR LINEAR LINEAR LINEAR LINEAR LINEAR LINEAR LINEAR LINEAR LINEAR LINEAR LINEAR LINEAR LINEAR LINEAR LINEAR LINEAR LINEAR</Name_array>
          <technique_common>
            <accessor source="#bone_2-Interpolations-array" count="61">
              <param type="name" />
            </accessor>
          </technique_common>
        </source>
        <sampler id="bone_2-Matrix-animation-transform">
          <input semantic="INPUT" source="#bone_2-Matrix-animation-input" />
          <input semantic="OUTPUT" source="#bone_2-Matrix-animation-output-transform" />
          <input semantic="INTERPOLATION" source="#bone_2-Interpolations" />
        </sampler>
        <channel source="#bone_2-Matrix-animation-transform" target="bone_2/matrix" />
      </animation>
    </animation>
    <animation id="bone_3-anim" name="bone_3">
      <animation>
        <source id="bone_3-Matrix-animation-input">
          <float_array id="bone_3-Matrix-animation-input-array" count="61">0 0.01666667 0.03333334 0.05 0.06666667 0.08333334 0.1 0.1166667 0.1333333 0.15 0.1666667 0.1833333 0.2 0.2166667 0.2333333 0.25 0.2666667 0.2833334 0.3 0.3166667 0.3333333 0.35 0.3666667 0.3833334 0.4 0.4166667 0.4333334 0.45 0.4666667 0.4833333 0.5 0.5166667 0.5333334 0.55 0.5666667 0.5833334 0.6 0.6166667 0.6333334 0.65 0.6666667 0.6833334 0.7 0.7166667 0.7333333 0.7500001 0.7666667 0.7833334 0.8000001 0.8166667 0.8333334 0.85 0.8666667 0.8833334 0.9 0.9166667 0.9333334 0.95 0.9666667 0.9833334 1 </float_array>
          <technique_common>
            <accessor source="#bone_3-Matrix-animation-input-array" count="61">
              <param name="Time" type="float" />
            </accessor>
          </technique_common>
        </source>
        <source id="bone_3-Matrix-animation-output-transform">
          <float_array id="bone_3-Matrix-animation-output-transform-array" count="61">0.99969	0.02444	-0.00561	0.00000
-0.02434	0.99956	0.01709	0.32565
0.00602	-0.01695	0.99984	0.00000
0.00000	0.00000	0.00000	1.00000
0.99960	0.02741	-0.00635	0.00000
-0.02731	0.99951	0.01503	0.32506
0.00676	-0.01485	0.99987	0.00000
0.00000	0.00000	0.00000	1.00000
0.99950	0.03091	-0.00724	0.00000
-0.03081	0.99944	0.01299	0.32463
0.00764	-0.01276	0.99989	0.00000
0.00000	0.00000	0.00000	1.00000
0.99936	0.03469	-0.00821	0.00000
-0.03460	0.99934	0.01107	0.32433
0.00859	-0.01077	0.99991	0.00000
0.00000	0.00000	0.00000	1.00000
0.99922	0.03848	-0.00916	0.00000
-0.03839	0.99922	0.00932	0.32413
0.00951	-0.00896	0.99991	0.00000
0.00000	0.00000	0.00000	1.00000
0.99907	0.04202	-0.00997	0.00000
-0.04194	0.99909	0.00769	0.32390
0.01028	-0.00726	0.99992	0.00000
0.00000	0.00000	0.00000	1.00000
0.99893	0.04506	-0.01046	0.00000
-0.04500	0.99897	0.00602	0.32349
0.01072	-0.00554	0.99993	0.00000
0.00000	0.00000	0.00000	1.00000
0.99882	0.04736	-0.01050	0.00000
-0.04732	0.99887	0.00428	0.32284
0.01069	-0.00378	0.99994	0.00000
0.00000	0.00000	0.00000	1.00000
0.99877	0.04864	-0.00998	0.00000
-0.04862	0.99881	0.00244	0.32193
0.01009	-0.00195	0.99995	0.00000
0.00000	0.00000	0.00000	1.00000
0.99876	0.04897	-0.00895	0.00000
-0.04897	0.99880	0.00042	0.32080
0.00896	0.00002	0.99996	0.00000
0.00000	0.00000	0.00000	1.00000
0.99878	0.04875	-0.00764	0.00000
-0.04876	0.99881	-0.00175	0.31961
0.00755	0.00213	0.99997	0.00000
0.00000	0.00000	0.00000	1.00000
0.99882	0.04822	-0.00624	0.00000
-0.04825	0.99883	-0.00404	0.31849
0.00604	0.00434	0.99997	0.00000
0.00000	0.00000	0.00000	1.00000
0.99887	0.04731	-0.00497	0.00000
-0.04733	0.99886	-0.00589	0.31763
0.00469	0.00612	0.99997	0.00000
0.00000	0.00000	0.00000	1.00000
0.99895	0.04570	-0.00435	0.00000
-0.04572	0.99894	-0.00555	0.31734
0.00409	0.00574	0.99998	0.00000
0.00000	0.00000	0.00000	1.00000
0.99904	0.04354	-0.00374	0.00000
-0.04356	0.99904	-0.00508	0.31707
0.00351	0.00524	0.99998	0.00000
0.00000	0.00000	0.00000	1.00000
0.99916	0.04094	-0.00320	0.00000
-0.04095	0.99915	-0.00440	0.31683
0.00302	0.00453	0.99999	0.00000
0.00000	0.00000	0.00000	1.00000
0.99928	0.03793	-0.00275	0.00000
-0.03794	0.99927	-0.00351	0.31665
0.00262	0.00362	0.99999	0.00000
0.00000	0.00000	0.00000	1.00000
0.99940	0.03455	-0.00240	0.00000
-0.03456	0.99940	-0.00243	0.31651
0.00231	0.00251	0.99999	0.00000
0.00000	0.00000	0.00000	1.00000
0.99952	0.03084	-0.00214	0.00000
-0.03084	0.99952	-0.00117	0.31643
0.00210	0.00124	1.00000	0.00000
0.00000	0.00000	0.00000	1.00000
0.99964	0.02682	-0.00197	0.00000
-0.02682	0.99964	0.00026	0.31642
0.00198	-0.00020	1.00000	0.00000
0.00000	0.00000	0.00000	1.00000
0.99974	0.02253	-0.00187	0.00000
-0.02253	0.99974	0.00183	0.31649
0.00191	-0.00179	1.00000	0.00000
0.00000	0.00000	0.00000	1.00000
0.99984	0.01801	-0.00182	0.00000
-0.01800	0.99983	0.00353	0.31666
0.00188	-0.00349	0.99999	0.00000
0.00000	0.00000	0.00000	1.00000
0.99991	0.01329	-0.00177	0.00000
-0.01328	0.99990	0.00533	0.31698
0.00184	-0.00530	0.99998	0.00000
0.00000	0.00000	0.00000	1.00000
0.99996	0.00855	-0.00168	0.00000
-0.00854	0.99994	0.00720	0.31749
0.00174	-0.00719	0.99997	0.00000
0.00000	0.00000	0.00000	1.00000
0.99999	0.00400	-0.00153	0.00000
-0.00398	0.99995	0.00907	0.31818
0.00156	-0.00906	0.99996	0.00000
0.00000	0.00000	0.00000	1.00000
1.00000	-0.00033	-0.00127	0.00000
0.00034	0.99994	0.01079	0.31904
0.00127	-0.01079	0.99994	0.00000
0.00000	0.00000	0.00000	1.00000
0.99999	-0.00438	-0.00091	0.00000
0.00439	0.99992	0.01224	0.32000
0.00086	-0.01224	0.99992	0.00000
0.00000	0.00000	0.00000	1.00000
0.99997	-0.00810	-0.00048	0.00000
0.00811	0.99988	0.01330	0.32098
0.00037	-0.01331	0.99991	0.00000
0.00000	0.00000	0.00000	1.00000
0.99993	-0.01162	0.00002	0.00000
0.01162	0.99984	0.01396	0.32191
-0.00018	-0.01396	0.99990	0.00000
0.00000	0.00000	0.00000	1.00000
0.99989	-0.01502	0.00057	0.00000
0.01501	0.99979	0.01425	0.32274
-0.00079	-0.01424	0.99990	0.00000
0.00000	0.00000	0.00000	1.00000
0.99983	-0.01827	0.00113	0.00000
0.01825	0.99973	0.01421	0.32344
-0.00139	-0.01419	0.99990	0.00000
0.00000	0.00000	0.00000	1.00000
0.99977	-0.02132	0.00166	0.00000
0.02129	0.99968	0.01389	0.32397
-0.00195	-0.01385	0.99990	0.00000
0.00000	0.00000	0.00000	1.00000
0.99971	-0.02412	0.00210	0.00000
0.02409	0.99962	0.01332	0.32430
-0.00242	-0.01326	0.99991	0.00000
0.00000	0.00000	0.00000	1.00000
0.99964	-0.02662	0.00243	0.00000
0.02658	0.99957	0.01251	0.32441
-0.00276	-0.01244	0.99992	0.00000
0.00000	0.00000	0.00000	1.00000
0.99958	-0.02878	0.00262	0.00000
0.02875	0.99952	0.01150	0.32427
-0.00295	-0.01142	0.99993	0.00000
0.00000	0.00000	0.00000	1.00000
0.99953	-0.03055	0.00265	0.00000
0.03052	0.99948	0.01028	0.32389
-0.00296	-0.01020	0.99994	0.00000
0.00000	0.00000	0.00000	1.00000
0.99949	-0.03188	0.00251	0.00000
0.03186	0.99945	0.00887	0.32326
-0.00279	-0.00878	0.99996	0.00000
0.00000	0.00000	0.00000	1.00000
0.99946	-0.03278	0.00224	0.00000
0.03277	0.99944	0.00726	0.32240
-0.00248	-0.00719	0.99997	0.00000
0.00000	0.00000	0.00000	1.00000
0.99944	-0.03335	0.00177	0.00000
0.03334	0.99943	0.00488	0.32109
-0.00193	-0.00482	0.99999	0.00000
0.00000	0.00000	0.00000	1.00000
0.99944	-0.03353	0.00110	0.00000
0.03353	0.99944	0.00166	0.31948
-0.00116	-0.00162	1.00000	0.00000
0.00000	0.00000	0.00000	1.00000
0.99945	-0.03324	0.00045	0.00000
0.03324	0.99945	-0.00158	0.31809
-0.00040	0.00159	1.00000	0.00000
0.00000	0.00000	0.00000	1.00000
0.99948	-0.03239	0.00003	0.00000
0.03239	0.99947	-0.00394	0.31717
0.00010	0.00393	0.99999	0.00000
0.00000	0.00000	0.00000	1.00000
0.99952	-0.03097	-0.00012	0.00000
0.03097	0.99951	-0.00525	0.31662
0.00028	0.00524	0.99999	0.00000
0.00000	0.00000	0.00000	1.00000
0.99958	-0.02909	-0.00009	0.00000
0.02909	0.99956	-0.00598	0.31626
0.00026	0.00597	0.99998	0.00000
0.00000	0.00000	0.00000	1.00000
0.99964	-0.02686	0.00011	0.00000
0.02686	0.99962	-0.00615	0.31602
0.00005	0.00615	0.99998	0.00000
0.00000	0.00000	0.00000	1.00000
0.99970	-0.02432	0.00046	0.00000
0.02433	0.99969	-0.00578	0.31589
-0.00032	0.00579	0.99998	0.00000
0.00000	0.00000	0.00000	1.00000
0.99977	-0.02150	0.00091	0.00000
0.02150	0.99976	-0.00491	0.31583
-0.00080	0.00493	0.99999	0.00000
0.00000	0.00000	0.00000	1.00000
0.99983	-0.01842	0.00141	0.00000
0.01842	0.99982	-0.00359	0.31585
-0.00135	0.00361	0.99999	0.00000
0.00000	0.00000	0.00000	1.00000
0.99988	-0.01510	0.00191	0.00000
0.01510	0.99988	-0.00184	0.31594
-0.00189	0.00187	1.00000	0.00000
0.00000	0.00000	0.00000	1.00000
0.99993	-0.01158	0.00234	0.00000
0.01158	0.99993	0.00029	0.31614
-0.00235	-0.00026	1.00000	0.00000
0.00000	0.00000	0.00000	1.00000
0.99997	-0.00786	0.00263	0.00000
0.00785	0.99997	0.00274	0.31650
-0.00265	-0.00272	0.99999	0.00000
0.00000	0.00000	0.00000	1.00000
0.99999	-0.00398	0.00269	0.00000
0.00396	0.99998	0.00546	0.31708
-0.00271	-0.00545	0.99998	0.00000
0.00000	0.00000	0.00000	1.00000
1.00000	-0.00005	0.00243	0.00000
0.00003	0.99996	0.00842	0.31799
-0.00243	-0.00842	0.99996	0.00000
0.00000	0.00000	0.00000	1.00000
0.99999	0.00381	0.00180	0.00000
-0.00383	0.99993	0.01144	0.31925
-0.00176	-0.01145	0.99993	0.00000
0.00000	0.00000	0.00000	1.00000
0.99997	0.00758	0.00084	0.00000
-0.00759	0.99987	0.01423	0.32081
-0.00073	-0.01424	0.99990	0.00000
0.00000	0.00000	0.00000	1.00000
0.99994	0.01123	-0.00040	0.00000
-0.01122	0.99980	0.01654	0.32253
0.00058	-0.01654	0.99986	0.00000
0.00000	0.00000	0.00000	1.00000
0.99989	0.01476	-0.00177	0.00000
-0.01472	0.99973	0.01777	0.32392
0.00203	-0.01774	0.99984	0.00000
0.00000	0.00000	0.00000	1.00000
0.99983	0.01815	-0.00313	0.00000
-0.01810	0.99968	0.01789	0.32475
0.00346	-0.01783	0.99984	0.00000
0.00000	0.00000	0.00000	1.00000
0.99976	0.02140	-0.00442	0.00000
-0.02132	0.99962	0.01747	0.32523
0.00479	-0.01737	0.99984	0.00000
0.00000	0.00000	0.00000	1.00000
0.99969	0.02444	-0.00561	0.00000
-0.02434	0.99956	0.01709	0.32565
0.00602	-0.01695	0.99984	0.00000
0.00000	0.00000	0.00000	1.00000
0.99969	0.02444	-0.00561	0.00000
-0.02434	0.99956	0.01709	0.32565
0.00602	-0.01695	0.99984	0.00000
0.00000	0.00000	0.00000	1.00000
</float_array>
          <technique_common>
            <accessor source="#bone_3" count="61" stride="16">
              <param type="float4x4" />
            </accessor>
          </technique_common>
        </source>
        <source id="bone_3-Interpolations">
          <Name_array id="bone_3-Interpolations-array" count="61">LINEAR LINEAR LINEAR LINEAR LINEAR LINEAR LINEAR LINEAR LINEAR LINEAR LINEAR LINEAR LINEAR LINEAR LINEAR LINEAR LINEAR LINEAR LINEAR LINEAR LINEAR LINEAR LINEAR LINEAR LINEAR LINEAR LINEAR LINEAR LINEAR LINEAR LINEAR LINEAR LINEAR LINEAR LINEAR LINEAR LINEAR LINEAR LINEAR LINEAR LINEAR LINEAR LINEAR LINEAR LINEAR LINEAR LINEAR LINEAR LINEAR LINEAR LINEAR LINEAR LINEAR LINEAR LINEAR LINEAR LINEAR LINEAR LINEAR LINEAR LINEAR</Name_array>
          <technique_common>
            <accessor source="#bone_3-Interpolations-array" count="61">
              <param type="name" />
            </accessor>
          </technique_common>
        </source>
        <sampler id="bone_3-Matrix-animation-transform">
          <input semantic="INPUT" source="#bone_3-Matrix-animation-input" />
          <input semantic="OUTPUT" source="#bone_3-Matrix-animation-output-transform" />
          <input semantic="INTERPOLATION" source="#bone_3-Interpolations" />
        </sampler>
        <channel source="#bone_3-Matrix-animation-transform" target="bone_3/matrix" />
      </animation>
    </animation>
    <animation id="bone_4-anim" name="bone_4">
      <animation>
        <source id="bone_4-Matrix-animation-input">
          <float_array id="bone_4-Matrix-animation-input-array" count="61">0 0.01666667 0.03333334 0.05 0.06666667 0.08333334 0.1 0.1166667 0.1333333 0.15 0.1666667 0.1833333 0.2 0.2166667 0.2333333 0.25 0.2666667 0.2833334 0.3 0.3166667 0.3333333 0.35 0.3666667 0.3833334 0.4 0.4166667 0.4333334 0.45 0.4666667 0.4833333 0.5 0.5166667 0.5333334 0.55 0.5666667 0.5833334 0.6 0.6166667 0.6333334 0.65 0.6666667 0.6833334 0.7 0.7166667 0.7333333 0.7500001 0.7666667 0.7833334 0.8000001 0.8166667 0.8333334 0.85 0.8666667 0.8833334 0.9 0.9166667 0.9333334 0.95 0.9666667 0.9833334 1 </float_array>
          <technique_common>
            <accessor source="#bone_4-Matrix-animation-input-array" count="61">
              <param name="Time" type="float" />
            </accessor>
          </technique_common>
        </source>
        <source id="bone_4-Matrix-animation-output-transform">
          <float_array id="bone_4-Matrix-animation-output-transform-array" count="61">0.99892	0.04576	-0.00770	0.00000
-0.04524	0.99731	0.05767	0.37168
0.01032	-0.05726	0.99831	0.00000
0.00000	0.00000	0.00000	1.00000
0.99888	0.04671	-0.00791	0.00000
-0.04620	0.99741	0.05506	0.37112
0.01046	-0.05463	0.99845	0.00000
0.00000	0.00000	0.00000	1.00000
0.99881	0.04817	-0.00821	0.00000
-0.04767	0.99745	0.05317	0.37072
0.01075	-0.05272	0.99855	0.00000
0.00000	0.00000	0.00000	1.00000
0.99872	0.04980	-0.00851	0.00000
-0.04929	0.99744	0.05186	0.37044
0.01107	-0.05138	0.99862	0.00000
0.00000	0.00000	0.00000	1.00000
0.99865	0.05120	-0.00871	0.00000
-0.05069	0.99741	0.05098	0.37027
0.01130	-0.05047	0.99866	0.00000
0.00000	0.00000	0.00000	1.00000
0.99861	0.05202	-0.00871	0.00000
-0.05153	0.99743	0.04987	0.37009
0.01128	-0.04935	0.99872	0.00000
0.00000	0.00000	0.00000	1.00000
0.99862	0.05192	-0.00839	0.00000
-0.05146	0.99754	0.04768	0.36978
0.01085	-0.04719	0.99883	0.00000
0.00000	0.00000	0.00000	1.00000
0.99869	0.05052	-0.00770	0.00000
-0.05013	0.99777	0.04399	0.36927
0.00990	-0.04355	0.99900	0.00000
0.00000	0.00000	0.00000	1.00000
0.99885	0.04747	-0.00661	0.00000
-0.04719	0.99815	0.03833	0.36853
0.00841	-0.03797	0.99924	0.00000
0.00000	0.00000	0.00000	1.00000
0.99906	0.04303	-0.00525	0.00000
-0.04286	0.99862	0.03051	0.36760
0.00656	-0.03025	0.99952	0.00000
0.00000	0.00000	0.00000	1.00000
0.99925	0.03839	-0.00396	0.00000
-0.03830	0.99905	0.02095	0.36658
0.00476	-0.02079	0.99977	0.00000
0.00000	0.00000	0.00000	1.00000
0.99940	0.03456	-0.00298	0.00000
-0.03453	0.99935	0.01013	0.36557
0.00333	-0.01003	0.99994	0.00000
0.00000	0.00000	0.00000	1.00000
0.99950	0.03153	-0.00234	0.00000
-0.03153	0.99950	-0.00002	0.36476
0.00234	0.00009	1.00000	0.00000
0.00000	0.00000	0.00000	1.00000
0.99959	0.02856	-0.00208	0.00000
-0.02857	0.99958	-0.00376	0.36452
0.00197	0.00382	0.99999	0.00000
0.00000	0.00000	0.00000	1.00000
0.99967	0.02565	-0.00191	0.00000
-0.02567	0.99964	-0.00750	0.36428
0.00172	0.00755	0.99997	0.00000
0.00000	0.00000	0.00000	1.00000
0.99974	0.02269	-0.00181	0.00000
-0.02271	0.99968	-0.01080	0.36407
0.00156	0.01084	0.99994	0.00000
0.00000	0.00000	0.00000	1.00000
0.99981	0.01962	-0.00174	0.00000
-0.01964	0.99972	-0.01347	0.36390
0.00147	0.01350	0.99991	0.00000
0.00000	0.00000	0.00000	1.00000
0.99986	0.01639	-0.00168	0.00000
-0.01642	0.99975	-0.01534	0.36378
0.00143	0.01537	0.99988	0.00000
0.00000	0.00000	0.00000	1.00000
0.99991	0.01296	-0.00161	0.00000
-0.01299	0.99978	-0.01624	0.36371
0.00140	0.01626	0.99987	0.00000
0.00000	0.00000	0.00000	1.00000
0.99996	0.00928	-0.00150	0.00000
-0.00930	0.99983	-0.01598	0.36371
0.00135	0.01600	0.99987	0.00000
0.00000	0.00000	0.00000	1.00000
0.99999	0.00529	-0.00135	0.00000
-0.00531	0.99988	-0.01441	0.36378
0.00127	0.01441	0.99990	0.00000
0.00000	0.00000	0.00000	1.00000
1.00000	0.00094	-0.00112	0.00000
-0.00095	0.99994	-0.01133	0.36393
0.00111	0.01133	0.99994	0.00000
0.00000	0.00000	0.00000	1.00000
0.99999	-0.00381	-0.00081	0.00000
0.00380	0.99997	-0.00660	0.36421
0.00083	0.00660	0.99998	0.00000
0.00000	0.00000	0.00000	1.00000
0.99996	-0.00853	-0.00042	0.00000
0.00853	0.99996	-0.00019	0.36464
0.00042	0.00019	1.00000	0.00000
0.00000	0.00000	0.00000	1.00000
0.99992	-0.01277	-0.00001	0.00000
0.01277	0.99989	0.00742	0.36523
-0.00008	-0.00742	0.99997	0.00000
0.00000	0.00000	0.00000	1.00000
0.99986	-0.01654	0.00041	0.00000
0.01653	0.99974	0.01561	0.36595
-0.00067	-0.01560	0.99988	0.00000
0.00000	0.00000	0.00000	1.00000
0.99980	-0.01984	0.00083	0.00000
0.01982	0.99952	0.02381	0.36679
-0.00130	-0.02379	0.99972	0.00000
0.00000	0.00000	0.00000	1.00000
0.99974	-0.02269	0.00120	0.00000
0.02264	0.99925	0.03139	0.36765
-0.00191	-0.03135	0.99951	0.00000
0.00000	0.00000	0.00000	1.00000
0.99969	-0.02499	0.00150	0.00000
0.02492	0.99896	0.03807	0.36848
-0.00245	-0.03802	0.99927	0.00000
0.00000	0.00000	0.00000	1.00000
0.99964	-0.02666	0.00167	0.00000
0.02656	0.99869	0.04378	0.36924
-0.00284	-0.04372	0.99904	0.00000
0.00000	0.00000	0.00000	1.00000
0.99961	-0.02771	0.00170	0.00000
0.02759	0.99845	0.04843	0.36991
-0.00304	-0.04837	0.99883	0.00000
0.00000	0.00000	0.00000	1.00000
0.99960	-0.02817	0.00156	0.00000
0.02805	0.99826	0.05196	0.37044
-0.00302	-0.05189	0.99865	0.00000
0.00000	0.00000	0.00000	1.00000
0.99961	-0.02807	0.00124	0.00000
0.02796	0.99814	0.05427	0.37081
-0.00276	-0.05421	0.99853	0.00000
0.00000	0.00000	0.00000	1.00000
0.99962	-0.02743	0.00077	0.00000
0.02734	0.99810	0.05528	0.37100
-0.00229	-0.05524	0.99847	0.00000
0.00000	0.00000	0.00000	1.00000
0.99965	-0.02628	0.00017	0.00000
0.02624	0.99815	0.05492	0.37097
-0.00161	-0.05489	0.99849	0.00000
0.00000	0.00000	0.00000	1.00000
0.99970	-0.02467	-0.00053	0.00000
0.02466	0.99829	0.05307	0.37072
-0.00078	-0.05307	0.99859	0.00000
0.00000	0.00000	0.00000	1.00000
0.99974	-0.02261	-0.00125	0.00000
0.02264	0.99851	0.04964	0.37023
0.00012	-0.04965	0.99877	0.00000
0.00000	0.00000	0.00000	1.00000
0.99979	-0.02029	-0.00191	0.00000
0.02035	0.99880	0.04451	0.36951
0.00100	-0.04454	0.99901	0.00000
0.00000	0.00000	0.00000	1.00000
0.99984	-0.01798	-0.00241	0.00000
0.01806	0.99920	0.03573	0.36831
0.00177	-0.03577	0.99936	0.00000
0.00000	0.00000	0.00000	1.00000
0.99987	-0.01570	-0.00272	0.00000
0.01576	0.99961	0.02324	0.36680
0.00235	-0.02328	0.99973	0.00000
0.00000	0.00000	0.00000	1.00000
0.99991	-0.01336	-0.00278	0.00000
0.01339	0.99986	0.00990	0.36546
0.00265	-0.00994	0.99995	0.00000
0.00000	0.00000	0.00000	1.00000
0.99994	-0.01092	-0.00260	0.00000
0.01092	0.99994	-0.00127	0.36456
0.00262	0.00124	1.00000	0.00000
0.00000	0.00000	0.00000	1.00000
0.99996	-0.00840	-0.00222	0.00000
0.00837	0.99992	-0.00962	0.36402
0.00230	0.00960	0.99995	0.00000
0.00000	0.00000	0.00000	1.00000
0.99998	-0.00574	-0.00171	0.00000
0.00572	0.99985	-0.01645	0.36365
0.00180	0.01644	0.99986	0.00000
0.00000	0.00000	0.00000	1.00000
1.00000	-0.00290	-0.00112	0.00000
0.00288	0.99976	-0.02168	0.36342
0.00119	0.02168	0.99976	0.00000
0.00000	0.00000	0.00000	1.00000
1.00000	0.00013	-0.00051	0.00000
-0.00015	0.99968	-0.02523	0.36329
0.00051	0.02523	0.99968	0.00000
0.00000	0.00000	0.00000	1.00000
0.99999	0.00336	0.00008	0.00000
-0.00336	0.99963	-0.02702	0.36324
-0.00017	0.02702	0.99963	0.00000
0.00000	0.00000	0.00000	1.00000
0.99998	0.00678	0.00059	0.00000
-0.00677	0.99961	-0.02697	0.36326
-0.00078	0.02697	0.99964	0.00000
0.00000	0.00000	0.00000	1.00000
0.99995	0.01040	0.00098	0.00000
-0.01037	0.99963	-0.02502	0.36335
-0.00124	0.02501	0.99969	0.00000
0.00000	0.00000	0.00000	1.00000
0.99990	0.01422	0.00119	0.00000
-0.01419	0.99968	-0.02111	0.36353
-0.00149	0.02109	0.99978	0.00000
0.00000	0.00000	0.00000	1.00000
0.99983	0.01824	0.00115	0.00000
-0.01822	0.99972	-0.01516	0.36384
-0.00143	0.01514	0.99988	0.00000
0.00000	0.00000	0.00000	1.00000
0.99975	0.02249	0.00081	0.00000
-0.02248	0.99972	-0.00715	0.36433
